1000087
1001821
1001842
1002545
1003570
1003599
1004084
1006067
10061172
10064452
1007056
10075741
10078038
10078434
10080139
10086500
10086514
10086754
10087257
10090914
10091790
10091797
10091906
10093664
10094164
10094945
10095042
10095609
10096531
10096532
10096545
10096578
10097814
10097971
10098856
10102935
10105965
10105967
10106066
10107700
10107708
10108951
1010928
10109705
10109709
10109893
10111051
10111060
10111217
10111537
1011207
10113639
10114033
10115064
10119705
10119752
10121739
10122288
10122298
10122651
10124336
10126477
1018902
1019585
1024865
1025003
1026462
1026654
1026793
1028895
1031108
1031114
1042415
1043306
10742285
10742630
10742634
10744478
10744661
10746219
10747341
10747353
10747780
10748065
10748263
10748803
10749199
10749456
10750048
10750150
10750206
10750208
10751947
10752149
10753564
10753810
10754034
10754077
10754467
10754529
10754531
10755806
10755844
10756247
10756268
10757483
10757971
10758397
10758399
10758568
10758796
10758955
10759037
10759079
10761850
10763708
10763835
10764206
10766084
10768883
10768990
10772568
10772712
10772995
10774218
10774462
10774914
10775351
10775679
10775855
10776022
10776442
10777577
10777666
10778093
10778105
10778120
10778124
10780573
10780982
10781898
10781981
10782283
10782924
10782925
10782927
10783111
10783382
10783695
10783700
10783971
10783973
10784209
10786031
10786137
10786445
10786542
10786570
10786572
10786775
10787411
10787425
10787661
10787834
10787855
10788221
10788561
10788822
10788825
10788920
10788983
10789391
10789527
10789713
10789918
10790793
10790812
10791125
10791131
10791198
10791358
10791366
10791553
10791822
10791905
10791922
10791940
10791950
10791951
10792517
10792633
10792934
10793156
10793180
10793543
10794624
10794722
10794723
10795477
10796838
10796914
10797114
10797271
10797272
10797403
10798025
10798179
10800003
10800225
10800228
10800234
10800960
10801123
10804516
10805133
10805550
10808210
10808722
10809399
10810814
10812017
10814512
10815726
10818112
10818113
10818114
10818118
10818122
10818887
10818958
10819465
10831520
10832514
10838860
10842256
10845738
10850530
10864746
10865909
10865912
10866620
10868221
10875691
10877433
10879443
10880294
10880633
10881073
10881093
10881801
10881802
10881803
10882382
10883530
10885857
10886319
10887660
10887701
10889391
10889467
10890616
10896380
10897737
10899408
10900346
10900937
10900940
10901080
10901795
10901832
10902314
10902552
10904454
10904493
10905500
10908617
10908919
10911706
10912577
10912581
10912609
10914229
10914691
10914859
10916453
10916596
10917248
10917377
10918495
10920714
10922597
10922876
10923339
10924350
10924358
10924398
10924404
10924877
10927344
10927830
10928352
10928556
10931662
10931672
10932653
10934259
10934416
10934826
10934828
10935218
10935225
10935786
10935808
10936041
10936149
10936703
10936847
10937009
10937776
10938110
10938349
10938861
10938970
10939271
10939795
10939849
10939882
10940258
10944294
10944303
