1000087
1001821
1001842
1002545
1003570
1003599
1004084
1006067
10061172
10064452
1007056
10075741
10078038
10078434
10080139
10086500
10086514
10086754
10087257
10090914
10091790
10091797
10091906
10093664
10094164
10094945
10095042
10095609
10096531
10096532
10096545
10096578
10097814
10097971
10098856
10102935
10105965
10105967
10106066
10107700
10107708
10108951
1010928
10109705
10109709
10109893
10111051
10111060
10111217
10111537
1011207
10113639
10114033
10115064
10119705
10119752
10121739
10122288
10122298
10122651
10124336
10126477
1018902
1019585
1024865
1025003
1026462
1026654
1026793
1028895
1031108
1031114
1042415
1043306
10742285
10742630
10742634
10744478
10744661
10746219
10747341
10747353
10747780
10748065
10748263
10748803
10749199
10749456
10750048
10750150
10750206
10750208
10751947
10752149
10753564
10753810
10754034
10754077
10754467
10754529
10754531
10755806
10755844
10756247
10756268
10757483
10757971
10758397
10758399
10758568
10758796
10758955
10759037
10759079
10761850
10763708
10763835
10764206
10766084
10768883
10768990
10772568
10772712
10772995
10774218
10774462
10774914
10775351
10775679
10775855
10776022
10776442
10777577
10777666
10778093
10778105
10778120
10778124
10780573
10780982
10781898
10781981
10782283
10782924
10782925
10782927
10783111
10783382
10783695
10783700
10783971
10783973
10784209
10786031
10786137
10786445
10786542
10786570
10786572
10786775
10787411
10787425
10787661
10787834
10787855
10788221
10788561
10788822
10788825
10788920
10788983
10789391
10789527
10789713
10789918
10790793
10790812
10791125
10791131
10791198
10791358
10791366
10791553
10791822
10791905
10791922
10791940
10791950
10791951
10792517
10792633
10792934
10793156
10793180
10793543
10794624
10794722
10794723
10795477
10796838
10796914
10797114
10797271
10797272
10797403
10798025
10798179
10800003
10800225
10800228
10800234
10800960
10801123
10804516
10805133
10805550
10808210
10808722
10809399
10810814
10812017
10814512
10815726
10818112
10818113
10818114
10818118
10818122
10818887
10818958
10819465
10831520
10832514
10838860
10842256
10845738
10850530
10864746
10865909
10865912
10866620
10868221
10875691
10877433
10879443
10880294
10880633
10881073
10881093
10881801
10881802
10881803
10882382
10883530
10885857
10886319
10887660
10887701
10889391
10889467
10890616
10896380
10897737
10899408
10900346
10900937
10900940
10901080
10901795
10901832
10902314
10902552
10904454
10904493
10905500
10908617
10908919
10911706
10912577
10912581
10912609
10914229
10914691
10914859
10916453
10916596
10917248
10917377
10918495
10920714
10922597
10922876
10923339
10924350
10924358
10924398
10924404
10924877
10927344
10927830
10928352
10928556
10931662
10931672
10932653
10934259
10934416
10934826
10934828
10935218
10935225
10935786
10935808
10936041
10936149
10936703
10936847
10937009
10937776
10938110
10938349
10938861
10938970
10939271
10939795
10939849
10939882
10940258
10944294
10944303
10947027
10947085
10947088
10947409
10947441
10948050
10948608
10948630
10950013
10950025
10950028
10950277
10950278
10950529
10950599
10952219
10954718
10954746
10955038
10955567
10955575
10963209
10964349
10964486
10966705
10967872
10972215
10974677
10974690
10975546
10976626
10977832
10977855
10978086
10981072
10981161
10981995
10982299
10982947
10982948
10982950
10982951
11684128
11684479
11689229
11690537
11690689
11699134
11706638
11708705
11709478
11711403
11713157
11713861
11714038
11717593
11717880
11717936
11718215
11723057
11724585
11724588
11732884
11733157
11733253
11733266
11734043
11737272
11741392
11741462
11899783
11900595
11900954
11909951
11917739
11927231
11932330
11933621
11933623
11938307
11939488
11940338
11943813
1194932
11951155
11951581
1195413
1197162
11972642
11974778
1197507
1197532
1197842
1198140
11981838
11982348
1198356
11987322
11987324
11989447
11989656
1199901
11999820
12000727
12002191
12003105
12003887
12004751
12007116
12007197
12008317
1201268
12013033
12014979
12014998
12016293
12016294
12020394
12021941
12023955
12025238
12030141
12033401
12035483
12037496
12038943
12044873
12045363
12046642
12047842
12048949
12051964
12055022
12061508
12061752
12062282
12070141
12070888
1207278
12074646
12077126
12077283
12077418
12078167
12078868
12083019
12083040
12083376
12086872
12092329
12093674
12093823
1209494
1209759
12099097
12104663
12104750
12108586
12110486
12110754
12111907
12113639
12113878
12117264
12117576
12117648
1211913
1211914
1211917
1212633
12130284
12133111
12133123
12133211
1213333
1213621
1213624
1213626
1213629
12136722
12147746
1215887
1221115
1221275
1223224
1223875
1224502
1227649
1227925
1228432
1230821
1230901
1234650
1235091
1235093
1237619
1238296
1239003
1240870
1244584
1245324
1251721
1254119
1255172
1255946
1255966
1257392
1263761
1266448
1267043
1269284
1269302
1270517
1273422
1275720
1277610
1279290
1283908
1285094
1285857
1286119
1286517
1287087
1290965
1291154
1291157
12957153
12969897
12972182
12972191
12972233
12973230
12974803
12988991
12991425
12995937
12996987
12997088
13000371
13001244
13001983
13003506
13006627
13008792
13011404
13011724
13013951
13015346
13019481
13021119
13022119
13024441
13026940
13028181
13028892
13031571
13032731
13034071
13035154
13040767
13054693
13056062
13057983
13058507
13058728
13059006
13062028
13063221
13063381
13063578
13063634
13068086
13069410
13072446
13073711
13073905
13074107
13075989
13077138
13078469
13079843
13079847
13082887
13083657
13085001
13085015
13085952
13086115
13091301
13091351
13091470
13092372
13092927
13092958
13093625
13093914
13094398
13096985
13104075
13108016
13108876
13109936
13117223
13124640
13126634
13126638
13129402
13130241
13131321
13131348
13131441
13131615
13132253
13133499
13134436
13134451
13134467
13134625
13135935
13136047
13136050
13136844
13136851
13139647
14071363
14071813
14081876
14081970
14083892
14084990
14086814
14088560
14089739
14090410
14091918
14092252
14094749
14094917
14097730
14098403
14099971
14100845
14101001
14101614
14102664
14102785
14104622
14107051
14108069
14110718
14112560
14116699
14122195
14124186
14124634
14131131
14131650
14136003
14136008
14140887
14142060
14150294
14153037
14154323
14154568
14155544
14157268
14158821
14158942
14160253
14162527
14164080
14165442
14166396
14166400
14167180
14168536
14169219
14170133
14170226
14170800
14170902
14170910
14170917
14172729
14173327
14174255
14174681
14174950
14175617
14176025
14176337
14176477
14177369
14177446
14179926
14180170
14180391
14180423
14183629
14183669
14186572
14186591
14186593
14188756
14188843
14194695
14194712
14194754
14195123
14195258
14196051
14198680
14198973
14200905
14200920
14203985
14204075
14204992
14205263
14208134
14208144
14212282
14213267
14216247
14218322
14218338
14218340
14218341
14218362
14218365
14218916
14219211
14220244
14220369
14222710
14222717
14223305
14224246
14506018
14507803
14507828
14509583
14512208
14513011
14513150
14513453
14514494
14520407
14520599
14521084
14522202
14522590
14522591
18211153
18211755
18211761
18211820
18211843
18212596
18212971
18214549
18214857
18216419
18217906
18217916
18218330
18218505
18220322
18220732
14523263
14523975
14525102
14526708
14529506
14529511
14529901
14529967
14530743
14531817
14532809
14533225
14533243
14535358
14535361
14535712
14538763
14538799
14540902
14545046
14546820
14549046
14549051
14549144
14549449
14550805
14550828
14551742
14552134
14552140
14552410
14553772
14554120
14554358
14554411
14554732
14555935
14556995
14557478
14557619
14557621
14559020
14561525
14561990
14562750
14565744
14566652
14566694
14566861
15207047
15207698
15209465
15209928
15210630
15210649
15212790
15213152
15214885
15215755
15216071
15217484
15217764
15218054
15218715
15219333
15219508
15219823
15220435
15220597
15222820
15222823
15223305
15223954
15224352
15224785
15225421
15227689
15227691
15227694
15228013
15228022
15228318
15229787
15231421
15232560
15232569
15232962
15232972
15232988
15235760
15236329
15236389
15236560
15236727
15267850
15271361
15272148
15272210
15272212
15275837
15276990
15277799
15277815
15278949
15280812
15280870
15282223
15282231
15286533
15286544
15306684
15310514
15317368
15318942
15324330
1542635
1543809
1544700
1546831
1547709
1548263
1548809
1548998
1549011
1549615
1549636
1549638
1550342
1550806
1551649
1551689
1551692
1552132
1552142
1553198
1553578
1553580
1553852
1555789
1555797
1555801
1556191
1556252
1559150
1561482
1562772
1563191
1564006
1564014
1564318
1565602
1571411
1574145
1574220
1574714
1575884
1576158
1576315
1576449
1576951
1578375
1579616
1579636
1583270
1584738
1585247
1586495
1587249
1589987
1591063
1592133
1592168
1592581
1596289
1597350
1598136
1598430
1598456
1598502
1598571
1599351
1599470
1600650
1601516
1603897
1603932
1604773
1606016
1608402
1609135
1609152
1611577
1611665
1611833
1612194
1615401
1616565
1618149
1621765
1624314
1632921
1632971
1632987
1632991
1633051
1633242
1633776
1636834
1641511
1642002
1646115
1647069
1652123
1654025
1654520
1654882
1658277
1659594
1661984
1663649
1664120
1667276
1667809
1667848
1668070
16694164
16695031
16695688
16695689
16697959
16701478
16701486
16703084
16703814
16704051
16705136
16705219
16705454
16705633
16706037
16707189
16707199
16707541
16707749
16710585
16710769
16711361
16712682
16713366
16713856
16714436
16715685
16715686
16716218
16716320
16717327
16717698
16718803
16719632
16719745
16719755
16725056
16730392
16730796
16731563
16733475
16733540
16733638
16735348
16736074
16736080
16736772
16742524
16742646
16743229
16744569
16746155
16746377
16749094
16749271
16753380
16754763
16755951
16756535
16756746
16758328
16758454
16759824
16762019
16766366
16768262
16768276
16768514
16768675
16770527
16770683
16771631
16773563
16773566
16775613
16780209
16780943
16781431
16781906
16783021
16783177
16783754
16784612
16786259
16787053
16788805
16790063
16790456
16790884
16791028
16791155
16791161
16792739
16792740
16793329
16795766
16796101
16796107
16796120
16796128
16796142
16796158
16797642
16797808
16800279
16800893
16801328
16803492
16803572
16804041
16804408
16804414
16805037
16806268
16806527
16807258
16807847
16809052
16809054
16809055
16816609
16817400
16818479
16818496
16823136
16825224
16827185
16830267
16830441
16832078
16833835
16835911
16838265
16838607
16840792
16847231
16847832
16856996
16857633
16858885
16859467
16863896
16864524
16867463
16867969
16870214
16871671
16872199
16872300
16874006
16874859
16876510
16877208
16877972
16880678
16882885
16886506
16887176
16887777
16893786
16895649
16896104
16896149
16898811
16898818
16899519
16900918
16900929
16900939
16900976
16911844
16911944
16913631
16914555
16914567
16915164
16917957
16918065
16918673
16919622
16919873
16920574
16921386
16922260
16922617
16923404
16923448
16923646
16923647
16925459
16925651
16927158
16927970
16928691
16931025
16931041
16931458
16933641
16935569
16937029
16939516
16940028
16940118
16943305
16943312
16943767
16948095
16948886
16949953
16956262
16956553
16957895
16958080
16958153
16958393
16958619
16960454
16961227
16974132
16974701
16979133
16979494
16981790
16985189
16988010
16988249
16990672
16990677
16991263
16991385
16993515
16993543
16993548
16993564
16993608
16993681
16994688
16995871
16996009
16996450
16997264
16997270
16997274
16999482
16999654
17002063
17003265
17004580
17005053
17005117
17005154
17005179
17005951
17009947
17010068
17010162
17012709
17013194
17013253
17013681
17014076
17014715
17014789
17014794
17015128
17015932
17016794
17016971
17016991
17017129
17017336
17017337
17017344
17018202
17018414
17018747
17019618
17019830
17020306
17020417
17021438
17021851
17998988
17998996
18000556
18003932
18004239
18004256
18008434
18008460
18010593
18014364
18014643
18014649
18014913
18014914
18014915
18016958
18017624
18018538
18018613
18018628
18022536
18022654
18023151
18023157
18023164
18025473
18025476
18025478
18025486
18025624
18025627
18026127
18026770
18027055
18027203
18028039
18028315
18032096
18032702
18032823
18035247
18035984
18038860
18038862
18039075
18039254
18040330
18041909
18043309
18043507
18044114
18044574
18044599
18048664
18048963
18048973
18049524
18054835
18055223
18055523
18056521
18056547
18056663
18057511
18061842
18062208
18062239
18062244
18062708
18062830
18063101
18063105
18064029
18064278
18064351
18064481
18065423
18067727
18071890
18071913
18072240
18072454
18073100
18073116
18073243
18073245
18073324
18073328
18073330
18074044
18074142
18074334
18074406
18074414
18074648
18074950
18075119
18075597
18075612
18075813
18075881
18077554
18077738
18077739
18077740
18077912
18078186
18079519
18080364
18080665
18080823
18081496
18081505
18081538
18081640
18081929
18083509
18084064
18084818
18085166
18086216
18086662
18086810
18086886
18087086
18087230
18087387
18087962
18088990
18089112
18089680
18090269
18090713
18090876
18090937
18090940
18091958
18091965
18092188
18092191
18092194
18092271
18092413
18093192
18093259
18093633
18094116
18095151
18097667
18098154
18098318
18098350
18099556
18101180
18101189
18101644
18103750
18104427
18104442
18104443
18104940
18105796
18107594
18109011
18110620
18110621
18110892
18112204
18112558
18112714
18112955
18114492
18115527
18115586
18115587
