27657944
10783466
29951550
29872016
18179596
26214245
18091965
13116144
18217906
27211500
18004256
25761679
18104443
34472549
28431019
28468925
31455337
33153339
15318938
1575884
14194712
10900937
29922137
28954985
16979494
29794686
25015962
20017718
10105965
28502576
25067030
33623345
26202287
33318980
33223200
27262497
32939599
28475928
16830441
16759824
28963248
29952596
25074873
20061063
26281758
25146057
19430563
14194754
10750048
18134950
16791028
32832457
28502419
10939271
25210501
33632862
20112013
16994688
18170889
28976862
19412772
18162590
1601516
15219231
16993548
10917248
25046769
20085457
28840202
26318466
10818244
19468659
10804516
33862470
26979907
27332687
18090937
34419917
1273422
29957737
19435642
29098494
14170921
29951247
29036696
12025238
24008922
18101189
27665421
32123392
26188803
18074334
20087924
20015096
10789527
34382678
18112204
10766084
15209465
18048973
1285094
31188780
18032823
14222717
14150294
10879443
26254649
34161528
25723904
25026015
14166400
34068209
1266443
33050544
32758137
27291798
33050332
28936550
25759243
31323223
27094771
17998996
1251049
33015413
21580536
18164330
33558535
10794291
27267156
18226278
32010210
29794708
11711403
15227689
27140169
24006620
10788561
20027391
25209049
14092252
10819465
10922597
29082606
32568872
20061035
1579636
32530550
21539692
15232962
33839816
20075264
25718676
18151184
12051964
16993608
33956772
25705248
18062208
10791198
24044209
25709840
28853342
1875604
24977300
29850705
18112193
14203985
32272688
21550953
31352743
34092164
10865909
20072705
28893356
16719745
11974778
34033408
21516309
26289638
25780543
26327655
10748263
19462693
14173327
13034071
32151952
34470373
18145307
26348793
18096986
31340396
1259119
34381632
14110718
33621241
27659686
10106066
1254119
12991981
25709062
14160024
25205954
13058507
26395732
33064298
12133148
15207047
32166842
12099097
18220732
24973455
25069731
12991425
18117314
10881093
20019025
32582414
1213933
32754621
16788233
18138292
10750208
29950048
33153970
12020394
18073243
27166629
27120341
33149748
21594120
10889550
28897332
10883530
20069782
14208414
29942770
25075642
31999238
1263599
26219952
10114033
26254754
26386193
16725056
14212282
1209494
27172831
32588931
12113878
24999086
18165277
25717179
12044873
19443927
32452414
28490823
26263309
34142573
18153073
10889467
25090386
25759858
1198140
31383602
31400973
24983022
24991900
28963262
20011909
26239986
25044377
18221365
10792633
21565509
10927344
29098527
25090376
27144938
18093633
24996460
14196038
34033676
24994920
28995434
26327664
25036794
33265328
10941458
25192501
16766366
19487657
29814835
10864746
10963209
29949233
25060577
26232586
34143250
33976863
10791940
27004619
33539841
10914859
21548077
13096985
18077912
33675959
32073216
33515121
25203707
34305971
31364762
19435981
13006627
15320392
33630316
11718215
14174681
18110621
33634873
15217764
25048085
18091028
16991263
24984302
26968723
33456697
18077554
29836394
10950599
16706037
16753380
14540902
29092979
18093192
1238296
31364793
25718326
29014527
25730123
19413172
1270517
16801328
32139827
25157282
10885857
31189900
14131131
16913631
20100714
10887660
24994686
26409158
14089739
10775351
31997590
10788920
25037923
10098856
14180423
10939592
14513150
32546853
18152276
25816261
13136047
10753564
32013843
16768675
25740928
21550906
16773563
12113639
16958619
14186593
33381993
25113517
26256796
27638472
18186438
32545758
11981838
25073592
25048557
1642002
19468290
10107708
18136824
18016958
31470606
26254915
25118017
33082000
25199794
33154261
29896550
29830592
29097552
29916949
32161436
14169219
31427976
24073580
33382005
20067636
12117264
32539260
34429795
21534285
29903045
29037082
14553772
33623515
1583123
32971300
28490786
15207698
16988010
28418064
16928691
18025478
18145790
18123168
27338303
11724585
12078868
29776121
29927646
10918728
32213909
1632921
18226917
18074414
10791822
21529156
16783177
28410138
1043306
25088847
24978372
1598430
28935336
24028521
31448384
27200839
32939598
11733266
25001888
27208552
21551471
21573387
26212566
24118583
33541181
31387044
20019735
32202822
28868534
10786770
33270422
27208075
28909192
33360584
29948247
15224785
27167548
1224502
28922474
18118435
29063307
29830308
12969897
10744478
26385409
18221370
25159195
10754077
16925651
29864622
31991711
34044494
33224154
29035136
28383700
34261454
13129459
20107146
27209971
34249449
18115527
32533987
18028315
16717327
13022119
27207088
20059304
18230427
32255881
27342261
16755951
34474153
24979708
1026793
16889074
10890616
28475964
13117223
18223076
16948886
29855888
31388708
34249281
33330031
18014913
1003570
28919416
1863571
18114492
32757004
1209759
16713366
33280286
26265577
25739827
27586298
33861885
32073208
27333463
25210781
18128853
16937029
1618149
14111229
10782927
32980114
16838265
31179088
25077283
16783021
25819760
18093259
29794627
10798025
32204401
21595054
33225659
16859467
24984434
28917988
32206383
18072240
25049507
20111582
1275720
18061842
32254514
27254605
33941751
26265656
18221564
18166341
32855719
26405299
12083019
26333004
28496294
28489086
20010438
33977103
27208789
14566652
29026392
29783978
14170902
32030946
29060095
14529901
33671086
10096531
20029193
33331753
32032762
15232972
26409592
28866127
16804408
25066412
23992947
31478289
10764206
28441701
10109705
26329722
32012333
18039254
24989491
25060377
15222823
16997264
31431821
28382779
14188847
28499753
34429835
24126959
26328561
25050099
27660299
21520978
18081496
28937064
15236560
33222541
26260955
20104781
33014284
32981819
25151486
18145342
31476307
18223990
27236341
10783695
18062806
28996511
25020280
10901832
32586520
25130176
31990000
14104622
25061680
29809585
31475440
25153923
24120275
1234650
21565059
24989127
10774462
16807847
11732890
28488030
29950026
27313556
27642695
34375425
18139025
25222587
31454143
32261927
28450601
29858363
16762019
18130632
20021430
26232594
29044735
31991925
28414060
14549144
26357050
25807733
11713861
25208593
1564014
33457194
33291202
29903907
15223305
27198109
29835212
18076172
14557621
26265697
28898366
25211917
18159562
23999091
32886336
18210861
32163219
14538763
29874692
1241727
29912665
27213280
20057195
32256186
31466757
10789940
10092111
32070514
31947517
13131441
32272928
10749199
33318483
24982726
26350326
29799794
14214395
24962167
27143205
11991625
28871175
18073116
28857976
18049532
10818958
33298263
21524645
21529168
33400657
27576236
21547561
25067725
27198572
20032495
18139652
33270448
32943464
1873087
34475117
14151157
29916082
1592581
32973245
1549636
26317888
25219037
25711712
20076504
20029525
16796132
1667809
14155544
33623568
33874738
27266494
27153160
32201957
1556191
25167682
25214235
27340630
19454138
1571411
18153863
20105843
20027992
33960046
32943704
28460409
15220597
18212971
10786570
31631701
34375347
10865912
25215225
27325209
10948051
25171383
26327636
28990315
25217558
14557619
12037496
31429213
14177306
31535120
32167101
25054927
34042603
25152647
16710769
27257422
33065030
18044574
33839860
23999548
33702306
11971002
32979001
1633242
27169749
27224909
28479541
18221196
14224246
15235914
33064192
32154202
25098764
14174950
29102222
18063101
1197842
20010803
26418115
31652936
25038265
15275837
20110865
27052745
25062129
31449163
24127011
25152239
34484990
14554732
1240867
26414058
32426401
25741922
25100866
28450579
19439594
10977855
27029185
26958955
20050332
34490616
20076852
20042223
31989973
18087387
25082979
14127058
10912577
29901489
25783476
12078167
25024848
27169870
26377869
24969014
33148764
18170819
31421147
31992432
18064278
34067798
34474332
16833835
33582013
28939440
26271673
24034141
25011435
13136979
33266066
10778093
24127036
26273359
31711183
25073578
27190794
31611372
27140202
18150277
32088021
18187017
25170552
27174469
32848263
28844560
31449065
29916700
33874633
25212630
24997332
1646115
28461517
31173611
27243843
27174501
18023151
25717310
31332646
20033503
10087257
18206692
32302985
24973134
25186304
18062708
34337056
18128679
25074876
27239242
26391247
28918215
18149373
18201351
1277610
27339139
27292905
32522891
25204172
21570918
18072298
27198247
34249447
10758796
10955567
28871580
32273144
31399188
32552137
25112113
25081981
31467714
20027270
20100433
33380558
20073369
27609001
11917847
18184760
10905500
33861740
28899677
25720270
10937427
1547709
32210684
16712682
13134929
32546352
25747472
1011207
1221115
18212596
32252901
25194027
15282223
33381653
10947088
31479999
32554899
27175417
16742646
16710585
1574714
16874006
10826096
18179888
15227694
31473716
33270526
25104188
33628627
10915026
33754999
18025624
10808876
28972513
33301089
32882247
32274771
29864782
25103508
18126506
24102638
32540865
10777694
33875761
10768883
20018230
34170981
27197691
32755754
16803492
32971898
14183669
10755806
25719683
26308830
14116699
33358801
16758328
13134467
33382696
10111051
1553578
28417324
26286474
29085461
21533891
1283908
1230841
26271897
18049524
24994400
29103139
25219323
18025486
10756268
31308420
33630711
25769786
26374935
12059373
24986786
25762695
25171031
25049350
27624012
19443911
27197894
19486966
33128925
32952834
29036703
28954959
28438525
21529181
27209723
24986468
32880670
18128851
26988471
28864129
1199901
28868961
32582413
14136008
16922617
27284798
27264447
18167505
32530674
25711469
33984330
26293274
28491842
16796101
33860349
33154664
14549044
16920574
33452530
29035815
25169275
10850530
1877434
28868782
27027274
33795221
27156401
27052013
10765059
16793272
20010362
1868458
29855088
32117117
1223224
15276428
10948608
10793180
32850531
31211217
18224834
10064452
14218916
16698453
14513011
34376037
18166295
18028039
20010389
1868141
25222433
33871944
32852618
31359446
26214155
26268523
1874610
18062239
26253328
28899460
20011914
25198698
27281433
32305494
10113639
21581830
14124186
32952306
20098696
16802298
27257872
26384060
14506018
18054834
33874048
32020159
27659677
1604773
1611665
27241010
31358330
24122338
29064834
20026345
10964349
34474034
10758568
25742174
12972191
20027987
19425109
33539137
15236389
16947539
27208256
33872531
10772995
1659594
32539467
10788983
18017624
27579383
25209755
34034021
14114859
27230680
20102374
28960736
28866141
28870182
25733433
29942426
16840792
14544525
29069624
25191679
32207420
31468294
27631869
27012858
20022573
10982950
27093718
29036644
26390023
28991940
34042608
25220689
1010928
28421437
33131010
24984572
14216247
20028259
20035203
12133111
12079857
26239485
10944294
14177369
26326100
32154977
10924350
21594851
16927970
15286544
29950021
1879425
27348634
31213373
26264281
16958393
10974690
29091447
10780573
31536299
18085166
21592247
32291676
14223305
19489120
27122720
16703814
32068624
16791161
13022410
25137718
12104750
21585973
32264760
18103597
33384379
25070003
29842473
18142599
10789918
27332553
32161342
1009099
26254641
14529967
26209815
21575343
28487483
1259781
10880294
33154273
32923380
1624533
26266204
18064481
25090625
24992279
29031163
28487507
26384723
18026127
14102785
27341364
34170834
26362750
1212633
34092042
20048068
28493942
33879273
26265837
32581098
18060948
34352790
18101173
28501533
31692317
31433577
18224004
15276990
32269002
19433616
31472323
26398558
32947496
1879378
18076166
29029224
33148936
26282646
1551692
14545046
10912609
19429565
18049525
29836617
25046856
20022758
14109767
16735348
18133633
29058487
31445770
31346047
29036657
27647294
10924780
16857633
23985054
1591168
27117674
33702936
20085456
16805037
31173308
27198091
25148083
18162442
12975697
26361282
1290345
26252662
32581915
1213621
10974677
20085423
20097024
19489135
32013178
32582418
13068086
31244632
1003599
32582670
10787855
28436701
20019377
14533243
18138954
27656207
21534274
20085426
27660231
16918673
31390108
32550608
15216957
33016282
31388697
32866259
16838607
26978933
31599243
34039700
29060110
18077739
24970860
10758399
23982702
32529860
15272212
14162527
33330201
29807977
25757928
31185981
25143836
33642341
16718803
25221422
34141691
25019348
10902314
10966705
32568748
18035247
29953105
26372470
32197063
10791348
33381985
1612194
10924358
25038022
27102155
27127019
14188843
1596289
19434344
27661461
10982951
18158736
16870178
11940338
1024865
25030473
32855699
29067381
25713757
14522202
16896104
24979533
21581740
27311056
11684128
31477838
34040987
1654882
21529186
12117595
14191994
32828103
25171029
33297119
26185126
17017336
31472316
10950013
25810536
25070363
29833118
25807722
26975814
33319302
27192923
32249856
27611810
29814839
28919842
16914567
24114967
13028892
28840372
18098259
16736074
25725031
13108876
20017907
14186995
14157265
34044647
14219211
26415506
31448022
25767992
21520976
20020358
32149804
27178198
11732884
27230709
25062186
32304194
34174371
32880725
14561525
31947543
14529511
25812807
21523555
12066512
34376029
13130241
17012709
24114842
19472233
16804414
1211913
15278949
18168071
14186591
18075580
33136904
33372318
1215887
16715686
28886664
29912883
13019481
29783922
28920998
12035483
13056062
29043653
1592168
18130829
10094945
29775093
14208133
28450557
25151655
27208111
33457388
10759079
16818496
10778120
13026940
10754529
32207061
25773026
29067389
26413688
16872300
24973142
34306462
26262046
32587590
16996450
18074950
32296237
25728609
27188869
29866370
14526722
25208673
33148905
29873591
10075741
12033401
21594558
33956900
28399289
18179958
16951084
32070000
25153143
27098440
24998451
24116459
26407786
27578797
28491945
33318234
29855999
32865617
18103592
26398771
16856996
31364788
25214807
18018628
25000129
25163696
1228432
29081462
32931485
25071410
12082771
34174361
1223875
26384054
25088735
27280055
33138254
1245324
1269302
31998529
10791358
16806268
26971364
19412108
24981851
25763362
24977133
21551050
16898079
33360626
16921386
33088211
29819394
32940887
16773566
16800893
24985655
18014364
1251838
31462695
15220435
10813532
18231643
16867463
20020769
33238852
26316401
18229509
1561482
28898046
25758674
1873770
18000556
25038018
10791476
25066835
29830307
24984002
24015320
14081876
27615796
28957354
31363581
26252940
1851809
21585930
29957288
34484537
1611833
10818114
29919129
1026462
34115647
18119008
29874069
14176337
25134062
13040767
16893786
18224827
10809171
11899783
34353362
25068223
1633051
25220280
15270241
32852392
12134829
11687651
32942923
25075726
27175424
14222585
32092871
24985520
1234662
26410988
24976916
31357728
16905705
29772408
12008317
1565602
26406515
28889112
25739840
20085445
29051289
14160257
26254668
28840219
25043460
25214736
29035330
25190199
34094296
10812017
24000345
26354606
31553872
27198039
24101892
21571183
28911757
31412254
10111217
25807966
18073100
27184820
25040478
26295963
32012816
19409034
18142540
28934571
24119934
21594619
1873761
34263359
10768990
20017789
25171074
12086414
33359325
32008656
27213283
25751569
18172022
31475161
32250027
24980150
26407310
26286739
23989182
13086115
28942645
10947085
18126512
26207979
14200905
13013951
17015916
10096545
10889391
18008434
10095609
1240870
10790812
14166396
18187005
20020334
34383121
18155630
10109893
18115587
24998571
1658277
14121996
21529128
26310266
32866212
26333941
33719720
16911944
29043590
10751946
19488040
11733253
34461642
16958080
32155874
10912581
29918506
32569042
33947389
13008792
18210862
16911844
18151585
33624982
29792896
10801123
25012860
18003932
16701478
27207962
25194032
18104442
25706807
29850727
10787834
18228667
31384871
18040676
26408108
14140887
33153006
33280311
13063221
25756631
10897737
31321513
28502712
11713157
25712202
32745491
16990672
33457926
27656219
21594738
20027990
21576062
34143188
33957149
21592544
31224783
13091470
26412539
18227912
26254670
29037081
1576449
25050232
24983847
33153869
31446906
10793543
32215499
1028895
12996987
26398196
18065423
19459051
24085632
10981072
33037543
16993515
18220322
13032731
34081101
32161430
24045435
26254397
10936149
25146054
13109936
32274424
31478499
31995013
1552132
32470224
33088161
21551479
24993840
25012835
29939696
29922183
11999820
18226655
16997368
14552134
25056763
34305404
12045363
26187956
18088987
20029343
19485211
25183613
21577580
15216527
20022619
10797271
32161782
11690689
28469952
25729174
1196452
29914562
18054835
23996560
11709478
25769938
10774795
1562891
27317836
25180725
19468321
25070111
31429979
26254643
10782997
17019618
16749271
10924404
25089603
31467098
18036233
16896149
14566861
10949005
31445365
24993771
24989730
21533907
25208714
12003887
28886658
18081640
1861385
10787411
29874044
25008127
15218715
32198835
26266652
10799340
32521994
33148733
16744569
31478465
25158246
18110620
1551649
32201167
32161118
29057832
13099912
13074107
25186283
25049489
26337307
12111907
33154820
18221391
26339501
26251277
33453592
25218599
12061752
14179926
28429081
26251276
25795316
25812493
1278360
18008460
25734218
10938861
16754763
1609152
25721144
32568751
25051290
16703084
1603932
19451826
29053978
33553866
20073264
27642847
10791553
27174561
18149624
33832510
20098688
24115962
19454059
21534358
27208032
18115681
14220475
20040864
26349918
11989447
27197694
32931418
16803572
18134951
33702931
10952219
27332464
25097769
26417621
21574388
10954746
33641510
19453052
13024441
33459098
29050511
27320657
26295960
32198752
33640890
16707735
25721878
16719755
33154264
32940851
25209448
33677067
20010429
31948262
16931025
18035973
1002545
26357185
27187834
25031688
14090410
16792740
28498878
20111616
28447089
28992169
27337123
33558764
28476612
26283931
14538799
18187028
13028181
25776434
1599351
32530594
33226230
33880386
16917957
31396494
23989471
25742913
1272756
25047096
33318270
31222990
18193135
25729421
27124997
12038943
18194370
26988927
15219823
29798888
24017009
16771631
26193074
25782177
15218054
1031114
18018613
25021420
10798179
34173919
21592238
13077138
24023387
14509583
13139204
11733157
1269284
13093625
25004205
32205078
15216316
18137691
16746377
15222820
32112746
10808067
18229466
17021438
14150872
16933641
1550342
32030879
31953143
26327633
27652076
18081538
27573387
1667848
33319121
24109592
26281667
20028025
33832539
32866271
10751947
25004139
26968620
28840378
24977955
27341560
14211829
28908910
34040973
18161602
34039515
32161441
18223989
21563186
31452864
31320094
17000929
27656254
21592288
18181653
26263156
32297133
26222088
27084808
25014644
25216066
28459595
10786572
16874859
28899675
18224854
29031385
14194695
28943453
32419944
29820086
1579616
18056547
33958830
25061482
29068859
31442766
25779364
10914229
1230901
15236727
25214689
10947441
16825224
24054180
33148278
27576243
25798145
26265966
25157563
20010489
1576951
25120677
18023157
27186675
10955575
29806453
32753867
14154833
29953102
10775855
32151946
20104837
14160253
31208943
18080364
21528391
28889302
16974132
16981790
25803127
18185409
32880717
33927263
24008998
16781431
32954204
15228013
28431911
25049234
18025473
14136003
29060107
27054870
29925896
27118526
28461495
13072446
1615401
10091790
26975812
31444326
19489099
29035346
18146574
29896916
16999482
14203928
29034704
27083860
16705454
33384146
19450053
32255722
10819800
28499460
33647157
16768262
21554208
18156824
31392218
10090914
25019034
18043309
25036141
27248318
25071507
28499301
16795766
11927231
11699134
31991852
33701838
31415198
10948050
25754765
32940577
20019110
33456495
32144602
19468376
16716218
10751555
25049222
32148559
10747780
27583040
18077740
1257392
18078186
18075881
25015759
31465327
24984064
32851690
21524658
26385551
29956483
29805564
20041732
29807991
28859543
25060745
10881073
33044343
1576315
31321489
1550806
16707189
10939849
24981841
27198124
32417503
18032096
24976907
1584738
26239488
1861423
1606016
25030483
10911706
1267043
28475457
33880037
28457114
27232470
10111060
28895570
25028286
28457026
32405024
29938808
18091958
29065169
32013829
18154992
31997275
14550805
28483514
32521423
14157268
18071913
29830628
32898122
29070192
12038262
33134759
10786542
10934828
21523013
27027224
28870083
33631352
1001842
18127186
27337700
21589489
24085487
14078132
29035116
31404385
11741462
21528404
10078434
26249548
25815267
14172729
25054046
34489294
25815182
12016294
18073330
33380643
14525998
14081970
25037518
29786576
20011557
25728006
10751562
16943767
18125840
33088166
10791951
10792934
25222804
25764821
25818472
26994494
25109553
27084572
18064029
29877104
25186331
1263606
13125133
33958364
33150816
20081508
25761869
20038811
33861889
28934575
26266390
26997055
10776442
14565744
25089724
19453072
21529493
27113883
18077738
1876993
31994586
26310270
19471963
19470134
16923404
27659171
27110159
25185356
18117970
33947769
27642677
13134436
16697959
31455718
14535712
26407519
33925124
31430345
34190915
26379498
25818533
13129402
26988554
33094190
16701496
24981282
29034199
19434442
10795477
15211831
18062830
16807258
14183629
16956553
32522018
18216419
29068451
20081822
27335772
1237619
29832179
14153037
25137714
33861879
33628357
25134199
24035952
24063683
25746083
31230221
10788455
1549615
29912689
1632987
14088560
31210226
1589987
32546642
27672045
20044880
1291154
27203422
34142999
33874901
10935218
26407502
14554358
33093564
18073101
20083534
32569276
12013033
24976511
12023955
28453544
32804006
24125585
33948595
27273070
12117576
15231421
33624977
10775679
32850973
18214857
28939837
27589004
25813711
29060099
28931806
27587026
10758955
16827185
27279329
31993973
18044114
1636834
27631578
26350727
33270318
24968038
25170858
29858646
32522875
25084542
29098512
32124951
25064395
25189470
18107594
26274006
10808210
25712926
1275348
16915164
18090713
25054926
16770527
28455064
18163960
18075119
10754034
28486334
26417948
16900918
29087348
24099399
10967872
20061766
10914691
15235760
33129761
1609135
31334682
34053331
28991152
10803674
1286517
27232496
16775613
33950887
26228497
18074648
33959501
26218220
28436690
25159056
27280457
10788221
27576760
20088351
17017129
18104441
26380948
27172074
25715668
18147501
28908901
32213766
33676029
10791567
25149980
16979133
31474889
27057201
17009947
16809055
25042257
18147503
31948632
12093823
33382011
28881861
10810814
12138499
10788822
27208681
31358419
18150284
25082797
32136611
27585696
14218365
10791131
19451624
28475944
26405416
1201268
1026654
15224509
18004239
27209979
14561247
29024649
34475242
27580894
28493308
26356384
10881803
29915676
26320811
31622924
28933097
18167508
28870330
28977056
29939349
32252706
12133211
25218317
28377458
17020417
25077518
14549449
11932804
29779802
18056521
1255995
1556320
10753810
34489473
32127205
13083657
29799543
27583992
25039537
18178851
15232560
27642705
1641511
12972182
12083040
10783382
27211222
18155572
32025970
11731834
18131227
16816609
12973230
25134115
20077958
28932980
11932330
29791074
32852849
29786623
32405678
32588889
14530743
18187012
10964486
27642689
31434631
16796128
24969201
1258923
31224109
27656515
28859606
28894362
20065472
1227649
16870214
10097971
10749456
29072783
25094385
26318326
32941151
24126913
26345383
16923647
33630303
25076478
27656222
17014794
16711361
12007116
1879421
19433615
32568713
13001244
16965502
1255172
18130821
1194932
33976285
1549011
10772712
11717880
25187146
18023164
29937333
32828228
32011253
34354967
29912891
20085806
25184915
31419117
14523975
24973144
31434962
24980567
18164632
18134991
33939114
34092222
33957265
26281664
20046231
24999077
27277861
18177497
16877972
12061508
14122195
11724558
29877894
21581738
29889320
18152890
19415255
1621765
14535358
33677685
25026518
25799878
33128989
26329603
16993543
20058999
20104784
33043081
26281755
15225421
33940333
31182143
33359316
29890930
21575243
34052345
31465334
11708705
13085952
26251271
14099971
11972642
26257204
32301219
31692263
1873764
34376026
24999791
25096219
32930634
31472331
12077126
34033424
18104427
25046478
25219769
32922721
28490025
10814139
27284771
18099556
21564788
32083831
13136851
24118924
10094164
33584519
32954087
32144606
10950278
25081286
25739822
17016991
33705709
25715351
18116512
12127439
26291402
32256872
16796107
25222136
32803310
14091918
10782283
29825412
31174788
16796146
1544700
25205953
29060111
21575224
26307344
26972628
20011939
16991385
27184966
27088671
31231423
25723062
28463318
25716792
32979012
11951155
16935569
14213577
24034132
14126241
28487260
31388581
26188019
21590755
1291157
28995744
32014479
24125516
11984832
33014924
31993403
33976478
10937776
16695689
26265716
28491828
29036893
32086242
12070141
29939100
1211917
10778124
24973140
14220132
18139828
33623317
28872888
11900595
10119752
16758454
19413164
26283173
10924877
32140709
10086754
14071813
25081265
31169446
33050307
18154983
1574145
14170800
10095042
31992130
26974360
13008781
18178427
25713745
33879642
24078276
29951559
18083509
12090366
29035075
27201449
27030666
16931460
31468678
29953183
15306684
27210497
18156982
21551029
28921625
31991133
32745766
28870187
25774614
24006629
1667276
16993681
25081337
33078821
16790884
12047842
25085024
20053585
33676098
31228965
18041909
10881802
13011724
20020320
18163964
10899408
33050479
16756746
26358998
26402356
12048949
25805841
16694164
12092329
25034100
18014704
26994394
26418932
33861356
32900570
34067787
32204385
12000727
21537612
28472925
29873792
10818887
29814837
10800225
11689229
32197144
26975989
28939380
34044501
18174811
29836733
15223954
17013681
25099763
15317368
26372473
25032568
1855079
20104847
20092548
29052720
25746815
34488128
18211153
1288048
32029616
18180708
29877667
33879279
25037106
18222802
32162697
24110520
14095200
10781898
24967086
33134772
24016996
10777577
18158200
15209928
26409127
12004751
10916453
14180170
18138886
25081330
14218362
24102819
1542635
34335526
13063578
18010593
33696706
32304218
26307170
24120051
32455293
28493204
31238846
25153627
29074568
16796120
19451598
29916210
10789713
26301699
25192005
25075245
31995971
26363657
27656514
29814830
19484005
21563866
26406498
18089680
32569035
10787661
10928552
13078469
18110892
25221278
29937670
10791039
24118591
26253608
18178459
20017901
27575845
31231277
26282664
28461455
27250672
25209491
13091301
10920714
25070733
13063381
14198973
25790874
23991364
28457521
13136050
25155068
28899669
27166189
20025711
25024015
27229042
10781981
20075249
28450578
14507828
26340930
10918495
28490024
33559376
26266660
10796914
11705160
27139635
13099911
18090940
14208134
18027055
26193497
26307338
28978600
10934259
18073328
26314087
18130616
33677143
29059548
18231701
25221089
33701502
27596807
25201204
25815171
10877433
32012763
18098350
33863428
18177425
32880550
10788986
11933621
16882885
33317362
32162492
20020318
19413105
31233405
16733475
31332640
29871217
14520407
24984067
18014643
18088990
27222789
32268865
25156319
28895553
32272929
31393170
16831210
18073320
18131807
24085635
10800234
25217785
25000123
14084990
32567940
27659568
10780982
13126638
25187139
32456037
28855564
33926705
34379608
33318955
10785053
18074142
26412582
24973143
29889323
26283133
27649354
16704051
10109709
15280812
10887701
32161496
28931467
16887777
25008130
25188342
24987501
33640537
10096532
34245394
12038339
29024644
10747353
27663234
31181096
33583032
15267850
25124915
1211921
27279302
14208144
18075588
33719404
27348953
10791366
33330029
26265707
16995111
16742524
27233537
31435532
26327734
25126464
24125558
18086931
18138294
21529143
26990093
29917546
14522591
33950808
20032554
10783971
25151658
34067790
25717318
33384118
18138410
18141941
29826883
28946590
19445536
26419167
31434203
10122651
16895649
12062282
29060100
18177917
25049155
32546851
27670010
16793329
33319001
1616565
26281622
14108069
34044683
25133465
16797808
25161292
26308882
25746193
18104940
27341385
12136722
26345071
18210776
25049249
16922260
25154134
32416392
12138411
10789391
28840370
32582609
25114474
11982348
18098154
27174926
16940118
16990759
23983688
27583861
31478525
21531874
29828947
14086814
31352540
10115064
1000087
34426537
27093973
18043507
33153135
28963279
25032965
34113970
33359941
31434632
27317736
28840945
20029136
25769791
21584617
27209977
14204669
18173544
21581733
31242153
25790876
31455713
11706638
31399186
31346060
29830315
32264542
16800279
25175935
10779932
26285422
14521084
10900346
33619240
32154978
28922570
28992167
13063634
28990973
10124336
18139389
10814512
33583037
10772568
14124634
15224352
27574460
28499774
13011404
24113804
19456822
10920188
26218194
18165810
28850954
25785654
1654025
25158398
14559020
26398550
10786775
14174255
10786031
33939481
25776444
27032187
15282296
13091351
28488011
20036559
25002323
33925409
20019052
13035154
1564318
20022593
34378491
1598571
25153853
32002573
33399349
18025476
15271361
31710910
18162450
26330387
26308843
10960590
31341207
29805705
17003265
28487922
28425187
14550359
10928556
1552142
32949687
28919415
1230893
31451880
24108444
18040330
10818122
28963245
16864524
32260364
10126477
16707541
25781090
24972038
31193527
29055876
26991349
16997270
24126982
1227925
24963940
10903749
28884298
11909951
29957744
11723057
29808410
29050528
31238843
28903320
13003506
25088857
24124955
28486316
1230821
29942032
12991992
34263380
33624986
18226547
34466045
34042629
27061504
26339601
26382371
16943305
31245522
28471799
28913776
16940028
11933623
29079756
27213297
20100431
25219663
33301207
18121470
12030141
27198985
28908913
26412130
18159572
33927880
26232595
10750206
32582681
12086872
29851879
24960632
34174359
1001821
31226409
32931709
12117648
25186723
10091906
18214549
31415179
29838822
16988249
34114153
25069730
34174625
25184874
29098116
25029097
31451109
20019046
25204354
24079129
10982250
10794722
19452669
28931641
1562264
16877208
32260851
16733638
21591224
32024799
24974446
27260630
25073696
12972233
10763708
21576270
16716320
32161641
1664120
25143723
14177384
14195258
34471483
13094398
25166274
18089112
29922575
25002771
18064351
14526708
29789716
28941941
15324330
32011514
14514494
33957193
34174885
18049533
17009464
33717891
27307099
25819344
29060104
10755844
26265841
14100845
25746040
1255966
19432051
28502575
28892695
25812760
1652123
27297271
27198625
26330259
26413125
14551742
15210630
26304080
29799583
34485409
17013253
25089455
33458241
29833743
31444349
28886680
20031574
25112601
27348209
21560088
27286377
10788577
18199001
28995342
18086886
10818111
16719723
31409334
12052636
24982016
16804041
19459321
29830324
25726387
33452472
10797272
25034174
25015525
18087230
26289704
34193164
20100341
25161394
24127275
10797114
33702305
29923830
18211843
28428668
33956454
28940165
25709658
25818158
34465659
33702191
16705974
33092674
16806527
29858314
26202305
23991775
10091797
33556551
33948479
33451359
34470755
10782704
12117873
26419867
18165286
27259739
25200501
24066099
14094749
18039075
27140648
26410141
29103833
24054094
18048963
20028581
32746300
20016926
32755636
32573989
27305626
18151195
28874609
29938956
29034578
27030504
33622870
24973141
33133257
16872199
14175617
32941938
25031182
26274471
32550227
18087086
16715685
10772611
21550168
1279290
26240158
16746155
1668070
26385176
17020306
32213595
24051058
34159827
14220369
33456015
26998772
31946456
16791155
1209684
29954951
25200500
28467728
1217549
26284804
29855111
29849270
14213267
10783973
20017684
14200920
25087147
14549046
31220582
21550087
31993071
33263574
20025278
27308756
1546831
33555225
33677111
26328780
31364548
16780209
26248297
26252664
25192916
34286707
25217823
28941343
25707700
33148603
21594705
1585247
27207471
29074750
29089551
34489167
1285857
33373664
10786137
32980137
31310222
26313995
27233667
32123714
25078465
26364318
32295633
24983215
29038932
25017830
34173214
1851811
28994789
18086216
12988991
10838860
29057069
25169825
25096745
27205657
26263849
10794624
18186375
1866440
33861845
1873487
33620104
17005117
26362160
32579915
17015128
29089445
31170122
29820564
24980643
18074528
32848656
33295673
32954113
32848558
29956375
24961614
32569084
25012146
31997359
27230710
10754467
1556252
26332994
13131628
34421926
32139053
16943312
18139397
1608402
28485735
29852666
18075597
32932514
25071424
27623652
12014998
27233785
1599760
33960068
26405286
27267812
23996471
1553852
27668571
25206123
14094917
28917014
1235093
17998988
27348638
10881801
33359163
18032702
28896042
25096943
14186572
18018526
16949953
33298282
32275246
26255097
18023153
13092927
32559257
28376204
13082887
14512208
21584615
10122288
1198356
20072953
24986551
14101614
25742950
21572537
18086810
26261493
28432852
28500395
25051628
25211984
31208081
10904493
1632991
31234631
24109348
33645077
29052709
21550911
10831520
27198172
16790063
26994476
26406828
17017344
25208915
27659119
20039838
10922876
12029709
24997555
29805785
32259128
32123208
27198527
33154677
16736772
12997088
1197532
29866360
28871355
33855934
25060751
18057511
25186729
26411286
27232509
34175549
25126655
32298380
25007094
26224631
32161636
13135935
16990677
18154283
1587249
33486882
28376636
24963938
24992754
25156040
29100380
10759037
25054296
10800003
10882382
18228636
18018538
18090876
24985649
19419791
28884922
26255872
27254216
21592627
18112191
10815726
18094540
29060102
32365061
32971242
1211914
13069410
25190808
1548998
24125541
13104075
12003105
25035390
18211820
12147746
29092540
20091084
10748065
29938966
15277799
10932653
25751591
20085412
18164546
19429574
20065491
25756614
29076886
16863896
10792517
27008960
10937009
25748162
18167359
21527530
31340501
1549638
31214665
33975896
26958958
31335660
29949227
33271345
10982947
28931582
10761850
10808722
33382126
10093664
29060063
20027982
29870282
32546849
31181070
12130284
25767157
10108951
29805350
10935808
17005053
26263304
1562772
25027209
24999268
27331395
11938307
32272924
25169322
34335336
14167180
25208349
19468468
14532809
25106815
31241840
18205900
21557687
18098318
11724588
32585837
11987322
21580313
31627756
11684479
34175531
26412825
32091517
26373133
32253382
26393443
31426329
21583295
29922576
33948832
29875437
16939516
10775675
13054109
13139647
10818112
16707749
31475949
18038860
32209518
13031571
18222953
10947409
25113521
31216866
1591063
29842437
25776913
11989656
29779682
27267769
1009103
27332014
31357741
25146061
15219333
16743229
26202285
25752957
16756535
16900976
31213359
10842256
19445625
31186860
10975546
18231092
26357653
16705136
24070134
29909533
18090269
25749531
28918397
10791430
29952565
32885225
27284769
10803679
26417942
25158584
26291491
26329905
26369539
29050512
29889642
27583354
29819484
25162152
18146977
32547128
14178363
31550284
27292091
33613450
25155548
25097750
32521599
25188792
31352543
17017337
27247211
27010511
32013009
33359168
26381681
32883209
1213629
18038862
25081332
34032189
26254744
33948845
24978897
16809052
18035984
31399159
24978404
25082001
33861945
28502342
26398564
24115329
26185129
28894788
21548643
24987868
1599470
27210838
18214496
10747341
15228318
1880415
29842305
18176266
17005179
28422860
27155178
16784612
33861916
26269934
27243669
24030703
24995028
29052728
20021604
15318942
25062181
18154205
31185389
32167077
24126892
26319749
25709969
33298238
32851208
20009621
25061493
10774340
10774218
32431032
20092559
27642709
31173219
32203093
14170909
33268525
18167515
10784207
26189333
27208070
10875691
24033984
25068172
16781906
25159438
20042017
27576235
18094116
24975524
10800960
10800228
25110584
27174531
11714038
34173436
10782925
25191387
31997432
18074044
25171250
25805750
32266440
31411158
16787053
18128856
33841485
26322190
12959061
33983882
25166074
18157107
25050496
10936847
28957708
24122120
20041139
27314986
29052616
32113889
26316410
10832474
25063758
17013194
14101001
28931576
27642784
21569136
27659597
24087774
18117327
10772289
33359180
33301175
10742285
32123378
31398960
26419270
17014789
16768514
29832953
32931491
33136900
34423321
33093554
16823136
10794723
25219943
10119705
28956060
16958153
33939185
26319233
12082766
32979018
28983450
15219306
27306078
12077283
33863401
31557178
25048607
19413189
29848119
33134857
27070458
31383453
25063889
28938828
19451685
15214885
14557478
10924400
26991345
16736080
1031108
33149830
34358282
14078325
18137714
27166657
25808064
26998251
32981496
